32 36 70 0
36 32 70 0
32 57 30 0
57 32 30 0
32 76 80 50
76 32 80 50
32 68 110 80
68 32 110 80
76 68 72 30
68 76 72 30
68 66 51 0
66 68 51 0
68 56 80 70
56 68 80 70
66 56 40 0
56 66 40 0
76 66 130 100
66 76 130 100
56 18 35 0
18 56 35 0
56 16 30 0
16 56 30 0
36 26 34 0
26 36 34 0
24 13 35 30
13 24 35 30
36 34 25 0
34 36 25 0
32 16 100 50
16 32 100 50
32 12 100 80
12 32 100 80
26 16 45 0
16 26 45 0
26 12 30 25
12 26 30 25
26 24 25 20
24 26 25 20
16 8 25 0
8 16 25 0
34 24 27 0
24 34 27 0
24 12 33 0
12 24 33 0
12 4 56 0
4 12 56 0
8 6 39 0
6 8 39 0
39 37 32 0
37 39 32 0
39 13 70 50
13 39 70 50
31 13 30 25
13 31 30 25
8 4 47 0
4 8 47 0
6 2 41 0
2 6 41 0
2 14 51 0
14 2 51 0
2 4 36 0
4 2 36 0
14 50 50 23
50 14 50 23
4 10 47 0
10 4 47 0
2 10 70 50
10 2 70 50
10 3 32 0
3 10 32 0
4 3 60 50
3 4 60 50
2 3 70 50
3 2 70 50
2 1 75 60
1 2 75 60
4 1 80 65
1 4 80 65
3 1 36 0
1 3 36 0
5 1 32 0
1 5 32 0
7 5 20 0
5 7 20 0
7 3 25 0
3 7 25 0
13 10 30 0
10 13 30 0
9 13 40 0
13 9 40 0
9 7 20 0
7 9 20 0
34 38 25 0
38 34 25 0
38 39 34 0
37 31 27 0
31 37 27 0
37 35 29 0
35 37 29 0
35 33 25 0
33 35 25 0
33 9 29 0
9 33 29 0
32 46 90 40
46 32 90 40
32 48 80 50
48 32 80 50
46 36 80 40
36 46 80 40
48 36 100 80
36 48 100 80
46 48 25 10
48 46 25 10
32 66 70 60
66 32 70 60
32 56 80 70
56 32 80 70
54 56 40 30
54 66 45 35
54 18 20 10
18 54 20 10
54 62 20 10
62 54 20 10
62 64 30 20
64 62 30 20
54 14 70 60
54 50 80 70
50 14 25 20
14 50 25 20
